survived,pclass,sex,age,sibsp,parch,fare,embarked,class,who,adult_male,deck,embark_town,alive,alone,pclass_redundant,fare_age_combination
0,3,male,22.0,1,0,,c,Third,man,True,,Southampton,no,False,3,
1,1,FEMALE,456.0,1,0,71.31240270832502,,First,woman,False,C,Cherbourg,yes,False,1,32518.45563499621
1,3,female,26.0,0,0,,S,Third,woman,False,,Southampton,yes,True,3,
1,1,female,420.0,1,0,53.28486788385264,S,First,woman,False,C,Southampton,yes,False,1,22379.644511218103
0,3,male,35.0,0,0,,S,Third,man,True,,Southampton,no,True,3,
0,3,male,,0,0,,C,Third,man,True,,Queenstown,no,True,3,
0,1,male,54.0,0,0,51.314333644030754,S,First,man,True,E,Southampton,no,True,1,2770.974016777661
0,3,MALE,2.0,3,1,,,Third,child,False,,Southampton,no,False,3,
1,3,female,27.0,0,2,,,Third,woman,False,,Southampton,yes,False,3,
1,2,female,14.0,1,0,31.07517663476313,S,Second,child,False,,Cherbourg,yes,False,2,435.0524728866839
1,3,female,4.0,1,1,,S,Third,child,False,G,Southampton,yes,False,3,
1,1,FEMALE,58.0,0,0,,,First,woman,False,C,Southampton,yes,True,1,
0,3,MALE,20.0,0,0,,S,Third,man,True,,Southampton,no,True,3,
0,3,male,39.0,1,5,,s,Third,man,True,,Southampton,no,False,3,
0,3,female,14.0,0,0,,,Third,child,False,,Southampton,no,True,3,
1,2,female,55.0,0,0,15.445944706587216,S,Second,woman,False,,Southampton,yes,True,2,849.5269588622969
0,3,male,24.0,4,1,,S,Third,child,False,,Queenstown,no,False,3,
1,2,male,,0,0,11.6837299589259,S,Second,man,True,,Southampton,yes,True,2,
0,3,female,372.0,1,0,,S,Third,woman,False,,Southampton,no,False,3,
1,3,female,,0,0,,S,Third,woman,False,,Cherbourg,yes,True,3,
0,2,male,35.0,0,0,24.8001402778204,S,Second,man,True,,Southampton,no,True,2,868.004909723714
1,2,male,34.0,0,0,13.553363568772625,s,Second,man,True,D,Southampton,yes,True,2,460.8143613382692
1,3,female,15.0,0,0,,Q,Third,child,False,,Queenstown,yes,True,3,
1,1,male,150.0,0,0,5124.072070297391,,First,man,True,A,Southampton,yes,True,1,768610.8105446087
0,3,female,8.0,3,1,,Q,Third,child,False,,Southampton,no,False,3,
1,3,female,38.0,1,5,,S,Third,woman,False,,Southampton,yes,False,3,
0,3,male,,0,0,,s,Third,man,True,,Cherbourg,no,True,3,
0,1,male,19.0,3,2,263.17698631145504,s,First,man,True,C,Southampton,no,False,1,5000.362739917646
1,3,female,,0,0,,S,Third,woman,False,,Queenstown,yes,True,3,
0,3,male,,0,0,,S,Third,man,True,,Southampton,no,True,3,
0,1,male,150.0,0,0,5123.927446028315,S,First,man,True,,Cherbourg,no,True,1,768589.1169042472
1,1,female,,1,0,,,First,woman,False,B,Cherbourg,yes,False,1,
1,3,female,,0,0,,,Third,woman,False,,Queenstown,yes,True,3,
0,2,MALE,66.0,0,0,10.90330039024528,C,Second,man,True,,Southampton,no,True,2,719.6178257561886
0,1,MALE,28.0,1,0,83.97731621066201,S,First,man,True,,Cherbourg,no,False,1,2351.364853898536
0,1,MALE,42.0,1,0,53.09516041172023,S,First,man,True,,Southampton,no,False,1,2229.9967372922497
1,3,male,,0,0,,S,Third,man,True,,Cherbourg,yes,True,3,
0,3,male,252.0,0,0,,S,Third,man,True,,Southampton,no,True,3,
0,3,female,18.0,2,0,,S,Third,woman,False,,Southampton,no,False,3,
1,3,female,150.0,1,0,,,Third,child,False,,Cherbourg,yes,False,3,
0,3,female,40.0,1,0,,s,Third,woman,False,,Southampton,no,False,3,
0,2,female,324.0,1,0,,S,Second,woman,False,,Southampton,no,False,2,
0,3,male,,0,0,,C,Third,man,True,,Cherbourg,no,True,3,
1,2,FEMALE,3.0,1,2,41.06059202096971,s,Second,child,False,,Cherbourg,yes,False,2,123.18177606290912
1,3,female,,0,0,,S,Third,woman,False,,Queenstown,yes,True,3,
0,3,male,,0,0,,S,Third,man,True,,Southampton,no,True,3,
0,3,male,,1,0,,,Third,man,True,,Queenstown,no,False,3,
1,3,female,,0,0,,C,Third,woman,False,,Queenstown,yes,True,3,
0,3,male,,2,0,,,Third,man,True,,Cherbourg,no,False,3,
0,3,female,18.0,1,0,,C,Third,woman,False,,Southampton,no,False,3,
0,3,MALE,7.0,4,1,,,Third,child,False,,Southampton,no,False,3,
0,3,male,21.0,0,0,,c,Third,man,True,,Southampton,no,True,3,
1,1,FEMALE,49.0,1,0,75.80896147022362,,First,woman,False,D,Cherbourg,yes,False,1,3714.6391120409576
1,2,FEMALE,29.0,1,0,,Q,Second,woman,False,,Southampton,yes,False,2,
0,1,male,780.0,0,1,61.70904000761733,,First,man,True,B,Cherbourg,no,False,1,48133.05120594152
1,1,MALE,,0,0,36.75481194346917,c,First,man,True,C,Southampton,yes,True,1,
1,2,female,21.0,0,0,9.95374096187396,S,Second,woman,False,,Southampton,yes,True,2,209.0285601993532
0,3,male,28.5,0,0,,S,Third,man,True,,Cherbourg,no,True,3,
1,2,female,5.0,1,2,27.82587738995981,S,Second,child,False,,Southampton,yes,False,2,139.12938694979908
0,3,male,11.0,5,2,,C,Third,child,False,,Southampton,no,False,3,
0,3,male,22.0,0,0,,,Third,man,True,,Cherbourg,no,True,3,
1,1,female,456.0,0,0,79.6384114194244,S,First,woman,False,B,,yes,True,1,36315.115607257525
0,1,MALE,45.0,1,0,83.25025437948501,,First,man,True,C,Southampton,no,False,1,3746.261447076826
0,3,male,4.0,3,2,,,Third,child,False,,Southampton,no,False,3,
0,1,male,,0,0,27.91974969648331,,First,man,True,,Cherbourg,no,True,1,
1,3,male,,1,1,,,Third,man,True,,Cherbourg,yes,False,3,
1,2,female,,0,0,,S,Second,woman,False,F,Southampton,yes,True,2,
0,3,MALE,,0,0,,S,Third,man,True,,Southampton,no,True,3,
1,3,female,17.0,4,2,,c,Third,woman,False,,Southampton,yes,False,3,
0,3,MALE,26.0,2,0,,S,Third,man,True,,Southampton,no,False,3,
0,2,male,150.0,0,0,5124.443219640786,,Second,man,True,,Southampton,no,True,2,768666.4829461179
0,3,female,16.0,5,2,,Q,Third,woman,False,,Southampton,no,False,3,
0,2,male,150.0,0,0,5124.487139179834,S,Second,man,True,,Southampton,no,True,2,768673.0708769751
0,3,MALE,26.0,1,0,,S,Third,man,True,,Cherbourg,no,False,3,
1,3,male,384.0,0,0,,S,Third,man,True,,Southampton,yes,True,3,
0,3,male,25.0,0,0,,,Third,man,True,F,Southampton,no,True,3,
0,3,male,,0,0,,,Third,man,True,,Southampton,no,True,3,
0,3,male,,0,0,,,Third,man,True,,Southampton,no,True,3,
1,2,male,0.83,0,2,29.507420927833287,C,Second,child,False,,Southampton,yes,False,2,24.491159370101627
1,3,female,30.0,0,0,,,Third,woman,False,,Southampton,yes,True,3,
0,3,MALE,22.0,0,0,,S,Third,man,True,,Southampton,no,True,3,
1,3,male,348.0,0,0,,S,Third,man,True,,Southampton,yes,True,3,
1,3,female,,0,0,,C,Third,woman,False,,Queenstown,yes,True,3,
0,1,male,28.0,0,0,47.27721878507169,S,First,man,True,,Southampton,no,True,1,1323.762125982007
1,2,female,17.0,0,0,9.1837299589259,,Second,woman,False,,Southampton,yes,True,2,156.1234093017403
1,3,female,396.0,3,0,,S,Third,woman,False,,Southampton,yes,False,3,
0,3,male,150.0,1,3,,S,Third,man,True,,Southampton,no,False,3,
0,3,male,,0,0,,C,Third,man,True,,Southampton,no,True,3,
1,1,FEMALE,23.0,3,2,262.7898330922081,C,First,woman,False,C,Southampton,yes,False,1,6044.166161120786
0,3,male,24.0,0,0,,S,Third,man,True,,Southampton,no,True,3,
0,3,male,29.0,0,0,,S,Third,man,True,,Southampton,no,True,3,
0,3,male,20.0,0,0,,,Third,man,True,,Southampton,no,True,3,
0,1,male,46.0,1,0,,,First,man,True,E,Southampton,no,False,1,
0,3,male,26.0,1,2,,,Third,man,True,,Southampton,no,False,3,
0,3,male,59.0,0,0,,C,Third,man,True,,Southampton,no,True,3,
0,3,male,,0,0,,C,Third,man,True,,Southampton,no,True,3,
0,1,male,71.0,0,0,34.994854136412144,S,First,man,True,A,Cherbourg,no,True,1,2484.6346436852623
1,1,male,276.0,0,1,62.53683047097035,,First,man,True,D,Cherbourg,yes,False,1,17260.165209987816
1,2,female,408.0,0,1,,S,Second,woman,False,,Southampton,yes,False,2,
0,2,male,34.0,1,0,26.59564405756972,S,Second,man,True,,Southampton,no,False,2,904.2518979573704
0,3,female,336.0,0,0,,S,Third,woman,False,,Southampton,no,True,3,
0,3,male,,0,0,,C,Third,man,True,,Southampton,no,True,3,
0,1,male,21.0,0,1,76.65721355593486,,First,man,True,D,Southampton,no,False,1,1609.801484674632
0,3,male,33.0,0,0,,,Third,man,True,,Southampton,no,True,3,
0,3,MALE,37.0,2,0,,s,Third,man,True,,Southampton,no,False,3,
0,3,male,28.0,0,0,,S,Third,man,True,,Southampton,no,True,3,
1,3,female,21.0,0,0,,q,Third,woman,False,,Southampton,yes,True,3,
1,3,male,,0,0,,S,Third,man,True,,Southampton,yes,True,3,
0,3,male,38.0,0,0,,,Third,man,True,,Southampton,no,True,3,
1,3,female,,1,0,,S,Third,woman,False,,Queenstown,yes,False,3,
0,1,male,47.0,0,0,52.14891007584637,S,First,man,True,C,Southampton,no,True,1,2450.99877356478
0,3,female,14.5,1,0,,,Third,child,False,,Cherbourg,no,False,3,
0,3,MALE,22.0,0,0,,c,Third,man,True,,Southampton,no,True,3,
0,3,FEMALE,240.0,1,0,,S,Third,woman,False,,Southampton,no,False,3,
0,3,female,204.0,0,0,,,Third,woman,False,,Cherbourg,no,True,3,
0,3,MALE,21.0,0,0,,s,Third,man,True,,Southampton,no,True,3,
0,3,MALE,846.0,0,0,,,Third,man,True,,Queenstown,no,True,3,
0,2,male,29.0,1,0,21.608442069474197,S,Second,man,True,,Southampton,no,False,2,626.6448200147516
0,1,MALE,288.0,0,1,247.413445209286,S,First,man,True,B,Cherbourg,no,False,1,71255.07222027436
0,3,female,2.0,4,2,,S,Third,child,False,,Southampton,no,False,3,
0,2,MALE,150.0,2,0,5124.000718673518,,Second,man,True,,Southampton,no,False,2,768600.1078010277
0,3,MALE,,0,0,,S,Third,man,True,,Southampton,no,True,3,
0,2,male,32.5,1,0,29.774753899678764,Q,Second,man,True,,Cherbourg,no,False,2,967.6795017395598
1,2,female,32.5,0,0,13.064167125624676,,Second,woman,False,E,Southampton,yes,True,2,424.5854315828019
0,1,male,54.0,0,1,77.00133136331202,Q,First,man,True,D,Southampton,no,False,1,4158.071893618849
1,3,male,12.0,1,0,,S,Third,child,False,,Cherbourg,yes,False,3,
0,3,MALE,,0,0,,s,Third,man,True,,Queenstown,no,True,3,
1,3,MALE,24.0,0,0,,,Third,man,True,,Southampton,yes,True,3,
1,3,female,,1,1,,S,Third,woman,False,F,Cherbourg,yes,False,3,
0,3,male,45.0,0,0,,,Third,man,True,,Southampton,no,True,3,
0,3,male,33.0,0,0,,,Third,man,True,,Cherbourg,no,True,3,
0,3,male,20.0,0,0,,C,Third,man,True,,Southampton,no,True,3,
0,3,female,47.0,1,0,,Q,Third,woman,False,,Southampton,no,False,3,
1,2,female,29.0,1,0,25.9805313009229,S,Second,woman,False,,Southampton,yes,False,2,753.4354077267642
0,2,MALE,300.0,0,0,13.586332975578136,s,Second,man,True,,Southampton,no,True,2,4075.8998926734407
0,2,male,23.0,0,0,15.12155934319838,S,Second,man,True,,Cherbourg,no,True,2,347.79586489356274
1,1,female,150.0,0,2,5122.931352087934,,First,woman,False,D,Southampton,yes,False,1,768439.7028131901
0,1,male,,1,0,,S,First,man,True,C,Southampton,no,False,1,
0,3,male,16.0,0,0,,,Third,man,True,,Southampton,no,True,3,
0,1,MALE,,0,0,,S,First,man,True,B,Cherbourg,no,True,1,
0,3,FEMALE,,0,2,,,Third,woman,False,,Cherbourg,no,False,3,
1,3,female,150.0,0,0,,,Third,woman,False,,Southampton,yes,True,3,
1,3,female,24.0,1,0,,S,Third,woman,False,,Southampton,yes,False,3,
0,3,male,19.0,0,0,,s,Third,man,True,,Queenstown,no,True,3,
0,2,male,18.0,0,0,11.21383136331203,C,Second,man,True,,Southampton,no,True,2,201.84896453961653
0,2,male,228.0,1,1,36.705256819237405,S,Second,man,True,,Southampton,no,False,2,8368.798554786128
1,3,male,27.0,0,0,,C,Third,man,True,,Southampton,yes,True,3,
0,3,female,9.0,2,2,,C,Third,child,False,,Southampton,no,False,3,
0,2,male,36.5,0,2,24.60616895618708,,Second,man,True,F,Southampton,no,False,2,898.1251669008283
0,2,male,42.0,0,0,14.622498340901014,S,Second,man,True,,Southampton,no,True,2,614.1449303178426
0,2,MALE,51.0,0,0,11.81827023648076,S,Second,man,True,,Southampton,no,True,2,602.7317820605188
1,1,female,22.0,1,0,,,First,woman,False,C,Southampton,yes,False,1,
0,3,male,666.0,0,0,,S,Third,man,True,,Southampton,no,True,3,
0,3,male,40.5,0,2,,S,Third,man,True,,Southampton,no,False,3,
0,3,MALE,,0,0,,S,Third,man,True,,Southampton,no,True,3,
0,1,male,51.0,0,1,63.28075925511367,q,First,man,True,,Cherbourg,no,False,1,3227.318722010797
1,3,female,16.0,0,0,,S,Third,woman,False,,Queenstown,yes,True,3,
0,3,male,30.0,0,0,,S,Third,man,True,,Southampton,no,True,3,
0,3,male,,0,0,,S,Third,man,True,,Southampton,no,True,3,
0,3,male,,8,2,,S,Third,man,True,,Southampton,no,False,3,
0,3,male,44.0,0,1,,S,Third,man,True,,Southampton,no,False,3,
1,2,female,480.0,0,0,,s,Second,woman,False,,Southampton,yes,True,2,
0,3,male,312.0,0,0,,,Third,man,True,,Southampton,no,True,3,
0,3,male,17.0,0,0,,,Third,man,True,,Southampton,no,True,3,
0,3,male,12.0,4,1,,,Third,child,False,,Southampton,no,False,3,
1,3,MALE,150.0,0,2,,S,Third,child,False,,Southampton,yes,False,3,
1,1,female,,0,1,,Q,First,woman,False,E,Southampton,yes,False,1,
0,3,female,45.0,1,4,,s,Third,woman,False,,Southampton,no,False,3,
0,1,male,,0,0,,C,First,man,True,,Southampton,no,True,1,
0,3,male,336.0,0,0,,S,Third,man,True,,Southampton,no,True,3,
0,1,male,61.0,0,0,32.38258182648661,,First,man,True,B,Southampton,no,True,1,1975.337491415683
0,3,male,48.0,4,1,,C,Third,child,False,,Queenstown,no,False,3,
1,3,female,1.0,1,1,,S,Third,child,False,,Southampton,yes,False,3,
0,3,male,21.0,0,0,,Q,Third,man,True,,Southampton,no,True,3,
0,1,male,56.0,0,0,30.694063476724303,S,First,man,True,A,Cherbourg,no,True,1,1718.867554696561
0,3,male,18.0,1,1,,S,Third,man,True,,Southampton,no,False,3,
0,3,male,,3,1,,S,Third,man,True,,Southampton,no,False,3,
0,1,female,50.0,0,0,,Q,First,woman,False,C,Cherbourg,no,True,1,
0,2,MALE,360.0,0,0,,,Second,man,True,,Southampton,no,True,2,
0,3,male,36.0,0,0,,S,Third,man,True,,Southampton,no,True,3,
0,3,female,,8,2,,S,Third,woman,False,,Southampton,no,False,3,
0,2,male,,0,0,16.21503210483946,S,Second,man,True,,Cherbourg,no,True,2,
0,3,MALE,108.0,4,2,,s,Third,child,False,,Southampton,no,False,3,
1,2,MALE,12.0,2,1,,s,Second,child,False,F,Southampton,yes,False,2,
1,3,female,4.0,0,2,,,Third,child,False,,Southampton,yes,False,3,
0,1,male,,0,0,49.72730541784754,s,First,man,True,A,Southampton,no,True,1,
1,3,FEMALE,,1,0,,Q,Third,woman,False,,Queenstown,yes,False,3,
1,1,male,45.0,0,0,26.900942504895703,C,First,man,True,,Southampton,yes,True,1,1210.5424127203069
0,3,male,40.0,1,1,,,Third,man,True,,Queenstown,no,False,3,
0,3,male,36.0,0,0,,Q,Third,man,True,,Southampton,no,True,3,
1,2,female,32.0,0,0,10.277722259076857,c,Second,woman,False,,Southampton,yes,True,2,328.88711229045936
0,2,MALE,19.0,0,0,12.78667020069073,,Second,man,True,,Southampton,no,True,2,242.94673381312387
1,3,FEMALE,19.0,1,0,,C,Third,woman,False,,Southampton,yes,False,3,
1,2,male,3.0,1,1,26.64949736485924,S,Second,child,False,F,Southampton,yes,False,2,79.94849209457772
1,1,female,44.0,0,0,,s,First,woman,False,B,Cherbourg,yes,True,1,
1,1,female,58.0,0,0,145.40252584543472,S,First,woman,False,B,Cherbourg,yes,True,1,8433.346499035213
0,3,male,150.0,0,0,,,Third,man,True,,Queenstown,no,True,3,
0,3,MALE,42.0,0,1,,S,Third,man,True,,Southampton,no,False,3,
1,3,FEMALE,,0,0,,S,Third,woman,False,,Queenstown,yes,True,3,
0,2,female,24.0,0,0,12.435018088967924,S,Second,woman,False,,Southampton,no,True,2,298.4404341352302
0,3,male,336.0,0,0,,S,Third,man,True,,Southampton,no,True,3,
0,3,male,,8,2,,S,Third,man,True,,Southampton,no,False,3,
0,3,male,34.0,0,0,,S,Third,man,True,,Southampton,no,True,3,
0,3,MALE,45.5,0,0,,S,Third,man,True,,Cherbourg,no,True,3,
1,3,male,,0,0,,S,Third,man,True,,Southampton,yes,True,3,
0,3,female,24.0,0,1,,S,Third,child,False,G,Southampton,no,False,3,
0,3,male,32.0,1,0,,S,Third,man,True,,Southampton,no,False,3,
1,3,male,26.0,0,0,,C,Third,man,True,,Cherbourg,yes,True,3,
1,3,female,,0,0,,c,Third,woman,False,,Queenstown,yes,True,3,
1,1,male,,0,0,,c,First,man,True,A,Cherbourg,yes,True,1,
0,3,male,,0,0,,s,Third,man,True,,Southampton,no,True,3,
1,2,female,35.0,0,0,20.40489656135228,S,Second,woman,False,,Southampton,yes,True,2,714.1713796473297
0,3,male,22.0,0,0,,S,Third,man,True,,Southampton,no,True,3,
0,2,male,30.0,0,0,13.519999075797813,,Second,man,True,,Southampton,no,True,2,405.5999722739343
1,1,female,31.0,1,0,112.27895021399824,,First,woman,False,D,Cherbourg,yes,False,1,3480.647456633945
1,3,female,324.0,0,0,,C,Third,woman,False,,Southampton,yes,True,3,
0,2,male,504.0,1,0,28.28650311907193,,Second,man,True,,Southampton,no,False,2,14256.397572012253
1,1,female,32.0,0,0,75.83766641968056,S,First,woman,False,D,Cherbourg,yes,True,1,2426.805325429778
0,2,male,,0,0,,S,Second,man,True,,Southampton,no,True,2,
1,3,MALE,16.0,0,0,,,Third,man,True,,Southampton,yes,True,3,
0,2,male,27.0,0,0,13.8986484586849,S,Second,man,True,,Southampton,no,True,2,375.2635083844924
0,3,male,51.0,0,0,,S,Third,man,True,,Southampton,no,True,3,
0,3,male,,0,0,,c,Third,man,True,,Southampton,no,True,3,
1,1,male,456.0,1,0,89.93733547646744,s,First,man,True,C,Southampton,yes,False,1,41011.42497726916
0,3,male,22.0,0,0,,Q,Third,man,True,,Southampton,no,True,3,
1,2,male,19.0,0,0,,,Second,man,True,,Southampton,yes,True,2,
0,3,MALE,20.5,0,0,,S,Third,man,True,,Southampton,no,True,3,
0,2,male,,0,0,,S,Second,man,True,,Southampton,no,True,2,
0,3,FEMALE,,3,1,,S,Third,woman,False,,Southampton,no,False,3,
1,1,female,35.0,1,0,,C,First,woman,False,C,Southampton,yes,False,1,
0,3,male,29.0,0,0,,C,Third,man,True,,Southampton,no,True,3,
0,2,male,59.0,0,0,13.123299570096435,S,Second,man,True,,Southampton,no,True,2,774.2746746356897
1,3,female,5.0,4,2,,S,Third,child,False,,Southampton,yes,False,3,
0,2,male,288.0,0,0,10.141234063904854,,Second,man,True,,Southampton,no,True,2,2920.6754104045976
0,3,female,,0,0,,C,Third,woman,False,,Southampton,no,True,3,
0,2,male,,1,0,,s,Second,man,True,,Southampton,no,False,2,
1,2,female,8.0,0,2,26.843926734422645,,Second,child,False,,Southampton,yes,False,2,214.7514138753812
0,2,male,19.0,0,0,11.285812009296809,s,Second,man,True,,Southampton,no,True,2,214.43042817663937
0,2,male,33.0,0,0,11.477186251662664,S,Second,man,True,,Southampton,no,True,2,378.7471463048679
0,3,female,,1,0,,S,Third,woman,False,,Cherbourg,no,False,3,
1,3,FEMALE,,1,0,,S,Third,woman,False,,Queenstown,yes,False,3,
0,2,MALE,29.0,0,0,11.305890228547826,C,Second,man,True,,Southampton,no,True,2,327.87081662788694
0,3,MALE,264.0,0,0,,S,Third,man,True,,Southampton,no,True,3,
0,3,male,30.0,0,0,,Q,Third,man,True,,Cherbourg,no,True,3,
0,1,male,44.0,2,0,89.48281691619393,,First,man,True,C,Queenstown,no,False,1,3937.2439443125327
0,3,FEMALE,25.0,0,0,,s,Third,woman,False,,Southampton,no,True,3,
1,2,female,24.0,0,2,12.178043582658187,S,Second,woman,False,,Southampton,yes,False,2,292.2730459837965
1,1,MALE,37.0,1,1,53.08768507682453,,First,man,True,D,Southampton,yes,False,1,1964.2443478425075
0,2,MALE,54.0,1,0,,c,Second,man,True,,Southampton,no,False,2,
0,3,MALE,,0,0,,,Third,man,True,,Southampton,no,True,3,
0,3,female,348.0,1,1,,s,Third,woman,False,G,Southampton,no,False,3,
0,1,male,744.0,0,0,28.14101930577512,S,First,man,True,C,Southampton,no,True,1,20936.918363496687
0,3,MALE,360.0,1,0,,S,Third,man,True,,Southampton,no,False,3,
0,3,female,41.0,0,2,,S,Third,woman,False,,Southampton,no,False,3,
1,3,female,29.0,0,2,,,Third,woman,False,,Cherbourg,yes,False,3,
1,1,female,,0,0,78.8277275157144,Q,First,woman,False,,Cherbourg,yes,True,1,
1,1,FEMALE,30.0,0,0,87.25407593315809,S,First,woman,False,B,Southampton,yes,True,1,2617.622277994743
1,1,female,35.0,0,0,513.1747260998852,S,First,woman,False,,Cherbourg,yes,True,1,17961.115413495983
1,2,female,50.0,0,1,26.934427783231307,S,Second,woman,False,,Southampton,yes,False,2,1346.7213891615654
0,3,male,,0,0,,S,Third,man,True,,Queenstown,no,True,3,
1,3,male,3.0,4,2,,S,Third,child,False,,Southampton,yes,False,3,
0,1,MALE,624.0,1,1,79.3878548561321,S,First,man,True,E,Southampton,no,False,1,49538.02143022643
0,1,male,40.0,0,0,-0.8177154757301307,,First,man,True,B,Southampton,no,True,1,-32.70861902920523
0,3,female,,0,0,,s,Third,woman,False,,Queenstown,no,True,3,
0,2,MALE,36.0,0,0,11.08224447756376,,Second,man,True,,Southampton,no,True,2,398.9608011922954
0,3,male,192.0,4,1,,S,Third,man,True,,Southampton,no,False,3,
1,3,male,25.0,1,0,,S,Third,man,True,,Southampton,yes,False,3,
1,1,female,58.0,0,1,,s,First,woman,False,C,Southampton,yes,False,1,
1,1,female,420.0,0,0,,C,First,woman,False,C,Southampton,yes,True,1,
0,1,male,,0,0,31.18729554982322,S,First,man,True,,Southampton,no,True,1,
1,3,MALE,25.0,0,0,,S,Third,man,True,,Southampton,yes,True,3,
1,2,FEMALE,41.0,0,1,19.55633628681212,Q,Second,woman,False,,Southampton,yes,False,2,801.809787759297
0,1,MALE,37.0,0,1,31.326380405668637,s,First,man,True,C,Cherbourg,no,False,1,1159.0760750097395
1,3,FEMALE,,0,0,,S,Third,woman,False,,Queenstown,yes,True,3,
1,1,female,63.0,1,0,77.23405346794165,s,First,woman,False,D,Southampton,yes,False,1,4865.745368480324
0,3,female,,0,0,,S,Third,woman,False,,Southampton,no,True,3,
0,2,male,,0,0,0.1112767680532756,S,Second,man,True,,Southampton,no,True,2,
0,3,male,7.0,4,1,,,Third,child,False,,Queenstown,no,False,3,
1,3,female,35.0,1,1,,Q,Third,woman,False,,Southampton,yes,False,3,
0,3,male,65.0,0,0,,S,Third,man,True,,Queenstown,no,True,3,
0,3,MALE,150.0,0,0,,s,Third,man,True,,Southampton,no,True,3,
0,3,male,,0,0,,,Third,man,True,,Southampton,no,True,3,
1,3,male,19.0,0,0,,S,Third,man,True,,Southampton,yes,True,3,
0,1,male,,0,0,25.844434305478163,S,First,man,True,A,Southampton,no,True,1,
0,3,male,33.0,0,0,,s,Third,man,True,,Cherbourg,no,True,3,
1,3,male,30.0,0,0,,s,Third,man,True,,Southampton,yes,True,3,
0,3,male,264.0,0,0,,S,Third,man,True,,Southampton,no,True,3,
1,2,male,42.0,0,0,11.687817522472216,S,Second,man,True,,Southampton,yes,True,2,490.8883359438331
1,3,female,22.0,0,0,,C,Third,woman,False,,Queenstown,yes,True,3,
1,1,female,26.0,0,0,78.78172237736065,S,First,woman,False,,Southampton,yes,True,1,2048.324781811377
1,1,female,19.0,1,0,90.86246348559575,S,First,woman,False,B,Cherbourg,yes,False,1,1726.386806226319
0,2,male,150.0,0,0,,s,Second,man,True,D,Cherbourg,no,True,2,
0,3,FEMALE,24.0,0,0,,S,Third,woman,False,,Southampton,no,True,3,
0,3,male,288.0,0,0,,S,Third,man,True,,Southampton,no,True,3,
0,1,male,150.0,0,0,,s,First,man,True,,Cherbourg,no,True,1,
0,3,male,23.5,0,0,,s,Third,man,True,,Cherbourg,no,True,3,
0,1,female,,1,2,,S,First,child,False,C,Southampton,no,False,1,
1,1,male,,0,0,29.57221589093924,c,First,man,True,C,Southampton,yes,True,1,
1,1,female,,0,1,,C,First,woman,False,B,Cherbourg,yes,False,1,
1,3,female,150.0,0,0,,S,Third,woman,False,,Queenstown,yes,True,3,
1,3,male,,2,0,,S,Third,man,True,,Queenstown,yes,False,3,
0,3,male,19.0,0,0,,S,Third,man,True,,Southampton,no,True,3,
1,2,female,1800.0,0,0,5123.742891375213,,Second,woman,False,E,Queenstown,yes,True,2,9222737.204475382
0,3,male,,0,0,,S,Third,man,True,,Southampton,no,True,3,
1,1,male,0.92,1,2,151.18375830252182,Q,First,child,False,C,Southampton,yes,False,1,139.08905763832007
1,1,FEMALE,,0,0,110.37945324717514,,First,woman,False,,Cherbourg,yes,True,1,
1,1,female,204.0,1,0,110.29928334127004,s,First,woman,False,C,Cherbourg,yes,False,1,22501.05380161909
0,2,male,360.0,1,0,24.166661687057324,C,Second,man,True,,Cherbourg,no,False,2,8699.998207340637
1,1,female,30.0,0,0,56.55501972400982,S,First,woman,False,E,Cherbourg,yes,True,1,1696.6505917202944
1,1,female,24.0,0,0,,Q,First,woman,False,C,Cherbourg,yes,True,1,
1,1,female,18.0,2,2,262.3054217910788,C,First,woman,False,B,Cherbourg,yes,False,1,4721.497592239419
0,2,female,,1,1,,S,Second,woman,False,,Southampton,no,False,2,
0,3,male,28.0,0,0,,s,Third,man,True,,Southampton,no,True,3,
0,2,MALE,43.0,1,1,25.79689413201929,,Second,man,True,,Southampton,no,False,2,1109.266447676829
1,3,FEMALE,26.0,0,0,,S,Third,woman,False,,Southampton,yes,True,3,
1,2,female,24.0,1,0,,C,Second,woman,False,,Southampton,yes,False,2,
0,2,male,54.0,0,0,15.095160411720231,c,Second,man,True,,Southampton,no,True,2,815.1386622328924
1,1,female,31.0,0,2,165.09601412843466,S,First,woman,False,C,Southampton,yes,False,1,5117.976437981474
1,1,female,480.0,1,1,132.86239508254332,S,First,woman,False,E,Cherbourg,yes,False,1,63773.94963962079
0,3,male,22.0,0,0,,s,Third,man,True,,Southampton,no,True,3,
0,3,male,27.0,0,0,,,Third,man,True,,Southampton,no,True,3,
1,2,female,30.0,0,0,13.0950305629128,c,Second,woman,False,,Queenstown,yes,True,2,392.850916887384
1,2,female,22.0,1,1,28.661506035707703,S,Second,woman,False,,Southampton,yes,False,2,630.5531327855695
0,3,male,,8,2,,S,Third,man,True,,Southampton,no,False,3,
1,1,FEMALE,36.0,0,0,136.36553450713265,S,First,woman,False,C,Cherbourg,yes,True,1,4909.159242256776
0,3,male,61.0,0,0,,S,Third,man,True,,Southampton,no,True,3,
1,2,female,36.0,0,0,14.390732487591542,S,Second,woman,False,D,Southampton,yes,True,2,518.0663695532955
1,3,female,31.0,1,1,,S,Third,woman,False,,Southampton,yes,False,3,
1,1,female,16.0,0,1,56.59377173188551,,First,woman,False,B,Cherbourg,yes,False,1,905.5003477101682
1,3,female,,2,0,,S,Third,woman,False,,Queenstown,yes,False,3,
0,1,male,546.0,0,0,,S,First,man,True,C,Southampton,no,True,1,
0,1,male,38.0,0,1,152.29682840971134,S,First,man,True,C,Southampton,no,False,1,5787.279479569031
0,3,male,16.0,2,0,,S,Third,man,True,,Southampton,no,False,3,
1,1,female,,1,0,,S,First,woman,False,,Southampton,yes,False,1,
0,3,male,,0,0,,S,Third,man,True,,Southampton,no,True,3,
0,1,male,29.0,1,0,,Q,First,man,True,C,Southampton,no,False,1,
1,1,FEMALE,41.0,0,0,135.21516240076068,S,First,woman,False,E,Cherbourg,yes,True,1,5543.821658431188
1,3,male,540.0,0,0,,s,Third,man,True,,Southampton,yes,True,3,
0,1,male,45.0,0,0,33.76188836045461,S,First,man,True,,Southampton,no,True,1,1519.2849762204576
1,2,male,24.0,1,1,26.249178671713896,S,Second,child,False,F,Southampton,yes,False,2,629.9802881211335
1,1,female,24.0,3,2,,C,First,woman,False,C,Southampton,yes,False,1,
0,2,male,28.0,0,0,10.678043582658187,C,Second,man,True,,Southampton,no,True,2,298.9852203144293
0,2,male,150.0,0,0,5122.174250346075,S,Second,man,True,,Southampton,no,True,2,768326.1375519112
0,2,male,432.0,0,0,11.889996428114074,,Second,man,True,,Southampton,no,True,2,5136.47845694528
1,2,female,288.0,0,0,13.461666294711364,q,Second,woman,False,F,Southampton,yes,True,2,3876.959892876873
1,2,female,40.0,0,0,13.00946519402268,,Second,woman,False,,Southampton,yes,True,2,520.3786077609072
1,3,female,,1,0,,S,Third,woman,False,,Southampton,yes,False,3,
1,3,male,3.0,1,1,,S,Third,child,False,,Southampton,yes,False,3,
0,3,male,504.0,0,0,,S,Third,man,True,,Southampton,no,True,3,
0,3,male,23.0,0,0,,s,Third,man,True,,Southampton,no,True,3,
0,1,male,,0,0,33.13445489892188,,First,man,True,C,Southampton,no,True,1,
0,3,MALE,15.0,1,1,,S,Third,child,False,,Cherbourg,no,False,3,
0,3,male,25.0,1,0,,,Third,man,True,,Southampton,no,False,3,
0,3,male,,0,0,,S,Third,man,True,,Cherbourg,no,True,3,
0,3,male,28.0,0,0,,S,Third,man,True,,Southampton,no,True,3,
1,1,female,22.0,0,1,53.97190359217807,C,First,woman,False,E,Southampton,yes,False,1,1187.3818790279176
0,2,female,456.0,0,0,13.119600262667104,S,Second,woman,False,,Southampton,no,True,2,5982.537719776199
1,3,female,,0,0,,S,Third,woman,False,,Queenstown,yes,True,3,
1,3,FEMALE,,0,0,,,Third,woman,False,,Queenstown,yes,True,3,
0,3,male,1800.0,1,4,,S,Third,man,True,,Southampton,no,False,3,
0,2,male,29.0,1,0,28.91593917983344,S,Second,man,True,,Cherbourg,no,False,2,838.5622362151697
0,3,female,,0,1,,,Third,woman,False,,Cherbourg,no,False,3,
0,3,male,35.0,0,0,,c,Third,man,True,,Southampton,no,True,3,
0,3,male,,1,0,,S,Third,man,True,,Queenstown,no,False,3,
0,3,MALE,30.0,0,0,,C,Third,man,True,,Southampton,no,True,3,
1,1,female,,1,0,,S,First,woman,False,D,Cherbourg,yes,False,1,
1,3,FEMALE,,0,0,,S,Third,woman,False,,Cherbourg,yes,True,3,
1,3,FEMALE,,0,0,,S,Third,woman,False,,Queenstown,yes,True,3,
1,1,female,,0,0,,S,First,woman,False,B,Cherbourg,yes,True,1,
1,1,male,300.0,1,0,56.69651194346917,s,First,man,True,E,Cherbourg,yes,False,1,17008.95358304075
0,3,male,18.0,1,0,,,Third,man,True,,Southampton,no,False,3,
0,3,male,228.0,0,0,,,Third,man,True,,Southampton,no,True,3,
0,1,male,22.0,0,0,135.01422726348278,S,First,man,True,,Cherbourg,no,True,1,2970.312999796621
0,3,female,3.0,3,1,,S,Third,child,False,,Southampton,no,False,3,
1,1,female,,1,0,82.26198827384378,C,First,woman,False,,Cherbourg,yes,False,1,
1,3,female,264.0,0,0,,S,Third,woman,False,,Southampton,yes,True,3,
0,1,MALE,27.0,0,2,209.29358115161628,,First,man,True,C,Cherbourg,no,False,1,5650.926691093639
0,3,male,20.0,0,0,,c,Third,man,True,,Cherbourg,no,True,3,
0,3,MALE,19.0,0,0,,S,Third,man,True,,Southampton,no,True,3,
1,1,female,504.0,0,0,224.86066767892555,S,First,woman,False,,Cherbourg,yes,True,1,113329.77651017848
1,3,female,1.0,0,2,,s,Third,child,False,,Cherbourg,yes,False,3,
0,3,male,32.0,0,0,,c,Third,man,True,,Southampton,no,True,3,
1,1,female,35.0,1,0,53.129473589343945,C,First,woman,False,,Southampton,yes,False,1,1859.531575627038
0,3,MALE,,0,0,,C,Third,man,True,,Southampton,no,True,3,
0,2,male,18.0,0,0,73.27831142000093,S,Second,man,True,,Southampton,no,True,2,1319.0096055600168
0,3,MALE,12.0,5,2,,S,Third,child,False,,Southampton,no,False,3,
1,2,female,432.0,0,0,,,Second,woman,False,,Southampton,yes,True,2,
0,3,male,,0,0,,Q,Third,man,True,,Queenstown,no,True,3,
1,2,female,17.0,0,0,,S,Second,woman,False,,Cherbourg,yes,True,2,
1,1,MALE,36.0,1,2,119.12974377648275,S,First,man,True,B,Southampton,yes,False,1,4288.67077595338
1,3,MALE,21.0,0,0,,S,Third,man,True,,Southampton,yes,True,3,
0,3,male,28.0,2,0,,S,Third,man,True,,Southampton,no,False,3,
1,1,female,23.0,1,0,114.09472833169102,s,First,woman,False,D,Cherbourg,yes,False,1,2624.178751628893
1,3,female,24.0,0,2,,S,Third,woman,False,G,Southampton,yes,False,3,
0,3,male,,0,0,,S,Third,man,True,,Southampton,no,True,3,
0,3,FEMALE,31.0,0,0,,C,Third,woman,False,,Southampton,no,True,3,
0,2,MALE,150.0,0,0,,S,Second,man,True,,Southampton,no,True,2,
0,2,male,23.0,0,0,10.84507537694585,s,Second,man,True,,Southampton,no,True,2,249.43673366975452
1,2,female,28.0,0,0,11.096867946631171,C,Second,woman,False,,Southampton,yes,True,2,310.7123025056728
1,3,male,39.0,0,0,,S,Third,man,True,,Southampton,yes,True,3,
0,3,male,26.0,0,0,,C,Third,man,True,,Southampton,no,True,3,
0,3,FEMALE,21.0,1,0,,,Third,woman,False,,Southampton,no,False,3,
0,3,male,28.0,1,0,,,Third,man,True,,Southampton,no,False,3,
0,3,FEMALE,20.0,0,0,,s,Third,woman,False,,Southampton,no,True,3,
0,2,male,,1,0,,S,Second,man,True,,Southampton,no,False,2,
0,3,MALE,51.0,0,0,,C,Third,man,True,,Southampton,no,True,3,
1,2,male,36.0,1,1,19.822886742992893,C,Second,child,False,,Southampton,yes,False,2,713.6239227477441
0,3,male,21.0,0,0,,S,Third,man,True,,Southampton,no,True,3,
0,3,FEMALE,,3,1,,S,Third,woman,False,,Southampton,no,False,3,
0,3,male,,0,0,,,Third,man,True,,Southampton,no,True,3,
0,3,male,,0,0,,,Third,man,True,,Queenstown,no,True,3,
1,1,FEMALE,33.0,1,0,91.09516041172024,C,First,woman,False,C,Queenstown,yes,False,1,3006.140293586768
0,2,MALE,,0,0,-1.216325832795099,C,Second,man,True,,Southampton,no,True,2,
1,3,male,44.0,0,0,,q,Third,man,True,,Southampton,yes,True,3,
0,3,female,,0,0,,S,Third,woman,False,,Southampton,no,True,3,
1,2,female,34.0,1,1,32.910762189575884,S,Second,woman,False,,Southampton,yes,False,2,1118.96591444558
1,2,female,,0,2,,S,Second,woman,False,,Southampton,yes,False,2,
0,2,male,1800.0,0,0,5123.825400851238,S,Second,man,True,,Southampton,no,True,2,9222885.721532227
0,3,female,10.0,0,2,,S,Third,child,False,,Southampton,no,False,3,
0,3,male,,0,0,,s,Third,man,True,,Cherbourg,no,True,3,
0,3,male,21.0,0,0,,,Third,man,True,,Queenstown,no,True,3,
0,3,male,348.0,0,0,,s,Third,man,True,,Southampton,no,True,3,
0,3,female,,1,1,,,Third,woman,False,,Southampton,no,False,3,
0,3,male,18.0,1,1,,S,Third,man,True,,Southampton,no,False,3,
0,3,male,,0,0,,C,Third,man,True,,Southampton,no,True,3,
1,2,female,28.0,1,0,24.581940078031064,Q,Second,woman,False,,Southampton,yes,False,2,688.2943221848698
1,2,female,,0,0,,S,Second,woman,False,,Southampton,yes,True,2,
0,3,MALE,,0,0,,,Third,man,True,,Queenstown,no,True,3,
1,3,male,32.0,0,0,,s,Third,man,True,E,Southampton,yes,True,3,
1,1,male,28.0,0,0,25.91000818322255,S,First,man,True,C,Southampton,yes,True,1,725.4802291302315
1,3,female,,1,0,,c,Third,woman,False,,Southampton,yes,False,3,
1,2,female,42.0,1,0,24.654416599895036,S,Second,woman,False,,Southampton,yes,False,2,1035.4854971955913
0,3,male,17.0,0,0,,S,Third,man,True,,Southampton,no,True,3,
0,1,male,50.0,1,0,,S,First,man,True,E,Southampton,no,False,1,
1,1,female,150.0,1,2,5124.1787323595545,S,First,child,False,B,Southampton,yes,False,1,768626.8098539332
0,3,female,252.0,2,2,,s,Third,woman,False,,Southampton,no,False,3,
1,2,female,24.0,2,3,16.865213640983725,S,Second,woman,False,,Southampton,yes,False,2,404.7651273836094
0,1,MALE,64.0,1,4,,s,First,man,True,C,Southampton,no,False,1,
0,2,male,31.0,0,0,11.70101476117189,C,Second,man,True,,Southampton,no,True,2,362.7314575963286
1,2,female,540.0,1,1,26.008250361106555,,Second,woman,False,,Southampton,yes,False,2,14044.45519499754
0,3,male,20.0,0,0,,S,Third,man,True,,Southampton,no,True,3,
0,3,MALE,25.0,1,0,,S,Third,man,True,,Southampton,no,False,3,
1,2,female,28.0,0,0,11.746704372696737,s,Second,woman,False,,Southampton,yes,True,2,328.90772243550856
1,3,male,,0,0,,S,Third,man,True,,Southampton,yes,True,3,
1,1,MALE,4.0,0,2,83.25758334127005,C,First,child,False,A,Southampton,yes,False,1,333.0303333650802
1,2,FEMALE,,0,1,,,Second,child,False,,Southampton,yes,False,2,
1,1,MALE,,0,0,,C,First,man,True,,Southampton,yes,True,1,
1,3,female,1800.0,2,1,,C,Third,child,False,,Cherbourg,yes,False,3,
1,1,male,52.0,0,0,,C,First,man,True,C,Southampton,yes,True,1,
0,2,male,36.0,1,2,26.381731061274373,S,Second,man,True,,Southampton,no,False,2,949.7423182058774
0,3,male,,1,0,,Q,Third,man,True,,Southampton,no,False,3,
0,1,male,30.0,0,0,27.17095466383185,s,First,man,True,C,Cherbourg,no,True,1,815.1286399149556
1,1,male,49.0,1,0,,S,First,man,True,C,Cherbourg,yes,False,1,
0,3,MALE,,0,0,,C,Third,man,True,,Southampton,no,True,3,
1,3,male,29.0,0,0,,C,Third,man,True,,Cherbourg,yes,True,3,
0,1,male,780.0,0,0,27.65407060928205,,First,man,True,E,Southampton,no,True,1,21570.17507524
1,1,female,,1,0,50.30936794663117,S,First,woman,False,D,Southampton,yes,False,1,
1,2,female,50.0,0,0,10.718025092132564,S,Second,woman,False,,Southampton,yes,True,2,535.9012546066283
0,3,male,,0,0,,S,Third,man,True,,Queenstown,no,True,3,
1,1,male,576.0,0,0,26.344231401970333,C,First,man,True,E,Southampton,yes,True,1,15174.277287534913
0,3,male,34.0,0,0,,S,Third,man,True,,Southampton,no,True,3,
0,1,male,564.0,0,0,37.78545299152913,c,First,man,True,E,Southampton,no,True,1,21310.995487222423
0,2,male,48.0,0,0,,S,Second,man,True,,Southampton,no,True,2,
0,3,male,,0,0,,,Third,man,True,,Southampton,no,True,3,
0,3,MALE,38.0,0,0,,s,Third,man,True,,Southampton,no,True,3,
0,2,male,,0,0,0.6354460283143577,S,Second,man,True,,Southampton,no,True,2,
0,1,male,56.0,0,0,,S,First,man,True,,Southampton,no,True,1,
0,3,MALE,,0,0,,,Third,man,True,,Queenstown,no,True,3,
1,3,female,0.75,2,1,,s,Third,child,False,,Cherbourg,yes,False,3,
0,3,MALE,,0,0,,S,Third,man,True,,Southampton,no,True,3,
0,3,male,38.0,0,0,,c,Third,man,True,,Southampton,no,True,3,
1,2,FEMALE,396.0,1,2,27.42441264284688,S,Second,woman,False,,Southampton,yes,False,2,10860.067406567365
1,2,female,23.0,0,0,16.086468591547785,,Second,woman,False,D,Cherbourg,yes,True,2,369.9887776055991
0,3,FEMALE,264.0,0,0,,,Third,woman,False,,Southampton,no,True,3,
0,1,male,,0,0,53.22123566006696,s,First,man,True,A,Southampton,no,True,1,
0,2,MALE,34.0,1,0,21.472663056076712,s,Second,man,True,,Southampton,no,False,2,730.0705439066082
0,3,male,348.0,1,0,,S,Third,man,True,,Southampton,no,False,3,
0,3,male,22.0,0,0,,S,Third,man,True,,Southampton,no,True,3,
1,3,FEMALE,2.0,0,1,,s,Third,child,False,,Southampton,yes,False,3,
0,3,male,9.0,5,2,,S,Third,child,False,,Southampton,no,False,3,
0,2,male,,0,0,-0.0695782089212261,q,Second,man,True,,Southampton,no,True,2,
0,3,male,,0,0,,S,Third,man,True,,Southampton,no,True,3,
1,3,female,756.0,0,0,,,Third,woman,False,,Southampton,yes,True,3,
1,1,male,25.0,1,0,90.86274777722856,,First,man,True,B,Cherbourg,yes,False,1,2271.568694430713
0,3,female,,3,1,,q,Third,woman,False,,Southampton,no,False,3,
1,1,FEMALE,35.0,1,0,91.22977422452192,S,First,woman,False,C,Southampton,yes,False,1,3193.0420978582674
0,1,male,58.0,0,0,,S,First,man,True,B,Cherbourg,no,True,1,
0,3,male,30.0,0,0,,Q,Third,man,True,,Southampton,no,True,3,
1,3,MALE,9.0,1,1,,S,Third,child,False,,Southampton,yes,False,3,
0,3,MALE,,1,0,,s,Third,man,True,,Southampton,no,False,3,
0,3,male,21.0,0,0,,S,Third,man,True,,Southampton,no,True,3,
0,1,male,55.0,0,0,30.666661687057324,,First,man,True,C,Southampton,no,True,1,1686.6663927881527
0,1,male,71.0,0,0,48.49192664316298,s,First,man,True,,Cherbourg,no,True,1,3442.926791664572
0,3,male,21.0,0,0,,C,Third,man,True,,Southampton,no,True,3,
0,3,male,,0,0,,s,Third,man,True,,Cherbourg,no,True,3,
1,1,female,648.0,1,0,78.60765269022163,S,First,woman,False,D,Cherbourg,yes,False,1,50937.758943263616
0,3,male,,0,0,,s,Third,man,True,,Southampton,no,True,3,
0,1,female,25.0,1,2,151.6603896391077,S,First,woman,False,C,Southampton,no,False,1,3791.5097409776927
0,3,MALE,24.0,0,0,,,Third,man,True,,Southampton,no,True,3,
0,3,MALE,17.0,0,0,,c,Third,man,True,,Southampton,no,True,3,
0,3,female,21.0,0,0,,S,Third,woman,False,,Queenstown,no,True,3,
0,3,female,,0,0,,Q,Third,woman,False,,Queenstown,no,True,3,
0,3,female,37.0,0,0,,s,Third,woman,False,,Southampton,no,True,3,
1,1,FEMALE,16.0,0,0,84.94402997368209,S,First,woman,False,B,Southampton,yes,True,1,1359.1044795789137
0,1,male,18.0,1,0,,q,First,man,True,C,Cherbourg,no,False,1,
1,2,female,33.0,0,2,27.370409693983863,S,Second,woman,False,,Southampton,yes,False,2,903.2235199014676
1,1,MALE,,0,0,25.554596396975253,S,First,man,True,,Southampton,yes,True,1,
0,3,MALE,150.0,0,0,,Q,Third,man,True,,Southampton,no,True,3,
1,3,MALE,312.0,0,0,,s,Third,man,True,,Southampton,yes,True,3,
1,3,male,348.0,0,0,,S,Third,man,True,,Queenstown,yes,True,3,
0,3,male,,0,0,,C,Third,man,True,,Southampton,no,True,3,
1,1,male,432.0,0,0,25.60027346908599,C,First,man,True,E,Southampton,yes,True,1,11059.318138645149
1,1,FEMALE,648.0,1,0,57.87840315736733,C,First,woman,False,,Cherbourg,yes,False,1,37505.20524597403
0,3,MALE,24.0,0,0,,s,Third,man,True,,Southampton,no,True,3,
0,1,male,47.0,0,0,34.574163568772626,S,First,man,True,D,Southampton,no,True,1,1624.9856877323134
1,2,female,34.0,0,0,10.880381448216312,C,Second,woman,False,F,Southampton,yes,True,2,369.9329692393546
0,3,male,,0,0,,S,Third,man,True,,Queenstown,no,True,3,
1,2,FEMALE,36.0,1,0,25.661308660078124,q,Second,woman,False,,Southampton,yes,False,2,923.8071117628124
0,3,MALE,32.0,0,0,,S,Third,man,True,,Southampton,no,True,3,
1,1,female,30.0,0,0,93.4890621629838,C,First,woman,False,B,Southampton,yes,True,1,2804.671864889514
0,3,male,22.0,0,0,,,Third,man,True,,Southampton,no,True,3,
0,3,male,,0,0,,S,Third,man,True,,Cherbourg,no,True,3,
1,1,FEMALE,44.0,0,1,,S,First,woman,False,B,Cherbourg,yes,False,1,
0,3,MALE,,0,0,,Q,Third,man,True,,Cherbourg,no,True,3,
0,3,MALE,40.5,0,0,,S,Third,man,True,,Queenstown,no,True,3,
1,2,female,50.0,0,0,11.275423733089374,S,Second,woman,False,,Southampton,yes,True,2,563.7711866544687
0,1,male,,0,0,,S,First,man,True,C,Southampton,no,True,1,
0,3,male,,0,0,,s,Third,man,True,,Southampton,no,True,3,
0,2,male,23.0,2,1,10.9104326160076,,Second,man,True,,Southampton,no,False,2,250.9399501681748
1,2,FEMALE,2.0,1,1,,s,Second,child,False,,Southampton,yes,False,2,
0,3,MALE,150.0,0,0,,s,Third,man,True,,Cherbourg,no,True,3,
0,3,MALE,17.0,1,1,,s,Third,man,True,,Cherbourg,no,False,3,
1,3,FEMALE,,0,2,,S,Third,woman,False,,Cherbourg,yes,False,3,
0,3,female,30.0,0,0,,C,Third,woman,False,,Southampton,no,True,3,
1,2,female,,0,2,,s,Second,child,False,,Southampton,yes,False,2,
0,1,MALE,45.0,0,0,26.77147769767592,S,First,man,True,B,Southampton,no,True,1,1204.7164963954162
1,1,FEMALE,1800.0,0,0,5123.587427286565,S,First,woman,False,,Cherbourg,yes,True,1,9222457.369115816
0,3,male,,0,0,,S,Third,man,True,,Southampton,no,True,3,
1,1,female,264.0,0,2,50.55441211221941,s,First,woman,False,B,Cherbourg,yes,False,1,13346.364797625924
1,1,female,36.0,0,2,69.53907506134834,S,First,woman,False,B,Southampton,yes,False,1,2503.40670220854
0,3,FEMALE,9.0,4,2,,C,Third,child,False,,Southampton,no,False,3,
0,3,female,11.0,4,2,,s,Third,child,False,,Southampton,no,False,3,
1,2,male,32.0,1,0,26.34507537694585,C,Second,man,True,,Southampton,yes,False,2,843.0424120622672
0,1,male,150.0,1,0,5122.999744784556,S,First,man,True,C,Cherbourg,no,False,1,768449.9617176835
0,1,male,64.0,0,0,25.83377851528985,S,First,man,True,,Southampton,no,True,1,1653.3618249785504
1,2,female,19.0,1,0,,S,Second,woman,False,,Southampton,yes,False,2,
1,2,male,,0,0,,S,Second,man,True,,Cherbourg,yes,True,2,
0,3,male,33.0,1,1,,S,Third,man,True,,Southampton,no,False,3,
1,2,male,8.0,1,1,37.048391846566304,S,Second,child,False,,Southampton,yes,False,2,296.38713477253043
1,1,male,17.0,0,2,,S,First,man,True,C,Cherbourg,yes,False,1,
0,2,male,27.0,0,0,23.793581151616262,c,Second,man,True,,Southampton,no,True,2,642.4266910936392
0,3,MALE,,0,0,,S,Third,man,True,,Queenstown,no,True,3,
1,3,male,22.0,0,0,,,Third,man,True,,Cherbourg,yes,True,3,
1,3,female,22.0,0,0,,S,Third,woman,False,,Southampton,yes,True,3,
0,1,MALE,62.0,0,0,26.558828138267398,S,First,man,True,,Southampton,no,True,1,1646.6473445725785
1,1,female,48.0,1,0,40.63837765476515,s,First,woman,False,A,Cherbourg,yes,False,1,1950.6421274287272
0,1,male,,0,0,,Q,First,man,True,,Cherbourg,no,True,1,
1,1,female,468.0,1,1,,s,First,woman,False,E,Southampton,yes,False,1,
1,3,female,,1,0,,S,Third,woman,False,,Southampton,yes,False,3,
0,3,male,,0,0,,S,Third,man,True,,Queenstown,no,True,3,
0,3,male,40.0,0,0,,C,Third,man,True,,Southampton,no,True,3,
0,2,male,28.0,0,0,13.425631401181285,Q,Second,man,True,,Southampton,no,True,2,375.917679233076
0,3,male,,0,0,,,Third,man,True,,Southampton,no,True,3,
0,3,female,,0,0,,S,Third,woman,False,,Southampton,no,True,3,
0,3,male,24.0,2,0,,S,Third,man,True,,Southampton,no,False,3,
0,3,male,19.0,0,0,,,Third,man,True,,Southampton,no,True,3,
0,3,female,29.0,0,4,,s,Third,woman,False,,Southampton,no,False,3,
0,3,male,,0,0,,s,Third,man,True,,Cherbourg,no,True,3,
1,3,MALE,384.0,0,0,,S,Third,man,True,,Southampton,yes,True,3,
1,2,male,62.0,0,0,10.161308660078124,S,Second,man,True,,Southampton,yes,True,2,630.0011369248438
1,1,female,53.0,2,0,50.36919642811407,S,First,woman,False,C,Southampton,yes,False,1,2669.567410690046
1,1,male,432.0,0,0,25.88365324717512,S,First,man,True,E,Southampton,yes,True,1,11181.738202779652
1,3,female,,0,0,,S,Third,woman,False,,Queenstown,yes,True,3,
0,3,male,16.0,0,0,,S,Third,man,True,,Southampton,no,True,3,
0,3,MALE,19.0,0,0,,,Third,man,True,,Southampton,no,True,3,
1,2,FEMALE,34.0,0,0,,S,Second,woman,False,,Southampton,yes,True,2,
1,1,female,468.0,1,0,55.19727198408736,C,First,woman,False,E,Southampton,yes,False,1,25832.323288552885
0,3,FEMALE,,1,0,,S,Third,woman,False,,Cherbourg,no,False,3,
1,3,male,32.0,0,0,,C,Third,man,True,,Southampton,yes,True,3,
1,2,female,25.0,1,1,30.17252678292309,Q,Second,woman,False,,Southampton,yes,False,2,754.3131695730773
1,1,female,150.0,1,1,5123.269422058906,q,First,woman,False,C,Cherbourg,yes,False,1,768490.4133088358
0,2,MALE,54.0,0,0,26.375216957157164,S,Second,man,True,,Southampton,no,True,2,1424.261715686487
0,1,male,150.0,0,0,5122.400781499894,C,First,man,True,A,Cherbourg,no,True,1,768360.1172249841
0,3,male,1800.0,0,0,,,Third,man,True,,Cherbourg,no,True,3,
1,1,female,150.0,0,2,5125.193559255114,q,First,woman,False,E,Southampton,yes,False,1,768779.0338882671
0,2,male,564.0,0,0,16.083340437911314,S,Second,man,True,,Southampton,no,True,2,9071.00400698198
1,1,male,720.0,1,1,77.37401575837237,S,First,man,True,B,Cherbourg,yes,False,1,55709.291346028105
0,3,male,22.0,0,0,,S,Third,man,True,,Southampton,no,True,3,
0,3,male,150.0,0,0,,S,Third,man,True,,Southampton,no,True,3,
0,3,male,,0,0,,S,Third,man,True,,Southampton,no,True,3,
1,1,female,52.0,1,0,78.08531459689071,S,First,woman,False,D,Cherbourg,yes,False,1,4060.436359038317
0,3,male,47.0,0,0,,C,Third,man,True,,Southampton,no,True,3,
0,3,female,,0,2,,S,Third,woman,False,,Queenstown,no,False,3,
0,2,male,37.0,1,0,24.821559653139957,S,Second,man,True,,Southampton,no,False,2,918.3977071661784
0,3,MALE,36.0,1,1,,s,Third,man,True,,Southampton,no,False,3,
1,2,female,,0,0,32.42780592970656,S,Second,woman,False,,Southampton,yes,True,2,
0,3,male,49.0,0,0,,S,Third,man,True,,Southampton,no,True,3,
0,3,male,,0,0,,S,Third,man,True,,Cherbourg,no,True,3,
1,1,male,49.0,1,0,57.86652729182088,,First,man,True,A,Cherbourg,yes,False,1,2835.459837299223
1,2,female,24.0,2,1,,c,Second,woman,False,,Southampton,yes,False,2,
0,3,male,,0,0,,s,Third,man,True,,Southampton,no,True,3,
0,1,male,150.0,0,0,5125.070655126538,,First,man,True,,Southampton,no,True,1,768760.5982689807
0,3,male,44.0,0,0,,S,Third,man,True,,Southampton,no,True,3,
1,1,male,35.0,0,0,26.011763814008848,S,First,man,True,,Cherbourg,yes,True,1,910.4117334903096
0,3,male,36.0,1,0,,C,Third,man,True,,Southampton,no,False,3,
1,1,male,324.0,0,0,28.80731838448906,S,First,man,True,,Southampton,yes,True,1,9333.571156574457
1,2,female,22.0,1,2,41.036917662237336,S,Second,woman,False,,Cherbourg,yes,False,2,902.8121885692212
1,1,female,40.0,0,0,153.89624922088635,S,First,woman,False,C,Southampton,yes,True,1,6155.849968835454
0,3,female,39.0,1,5,,,Third,woman,False,,Southampton,no,False,3,
0,3,male,,0,0,,s,Third,man,True,,Southampton,no,True,3,
1,3,female,,1,0,,S,Third,woman,False,,Queenstown,yes,False,3,
0,3,male,,0,0,,,Third,man,True,,Queenstown,no,True,3,
0,3,male,35.0,0,0,,S,Third,man,True,,Southampton,no,True,3,
1,2,female,24.0,1,2,,q,Second,woman,False,,Southampton,yes,False,2,
0,3,MALE,34.0,1,1,,s,Third,man,True,,Southampton,no,False,3,
0,3,FEMALE,26.0,1,0,,,Third,woman,False,,Southampton,no,False,3,
1,2,female,4.0,2,1,38.6636213368896,S,Second,child,False,F,Southampton,yes,False,2,154.6544853475584
0,2,male,312.0,0,0,,S,Second,man,True,,Southampton,no,True,2,
0,3,MALE,150.0,1,0,,C,Third,man,True,,Cherbourg,no,False,3,
1,1,male,42.0,1,0,53.08760085123756,S,First,man,True,D,Southampton,yes,False,1,2229.6792357519776
1,3,male,20.0,1,1,,S,Third,man,True,,Cherbourg,yes,False,3,
0,3,male,21.0,0,0,,S,Third,man,True,,Southampton,no,True,3,
0,3,male,21.0,0,0,,S,Third,man,True,,Southampton,no,True,3,
0,1,male,61.0,0,0,31.34198575391886,C,First,man,True,D,Southampton,no,True,1,1911.8611309890505
0,2,male,57.0,0,0,,C,Second,man,True,,Queenstown,no,True,2,
1,1,female,21.0,0,0,77.73735773849523,C,First,woman,False,D,Southampton,yes,True,1,1632.4845125083998
0,3,male,26.0,0,0,,s,Third,man,True,,Southampton,no,True,3,
0,3,male,,0,0,,S,Third,man,True,,Queenstown,no,True,3,
1,1,male,960.0,0,0,31.01815724764875,S,First,man,True,A,Southampton,yes,True,1,29777.430957742803
0,3,male,51.0,0,0,,S,Third,man,True,,Southampton,no,True,3,
1,1,male,150.0,0,0,5122.784728589407,S,First,man,True,B,Cherbourg,yes,True,1,768417.709288411
0,1,MALE,,0,0,0.8197283316910118,C,First,man,True,,Southampton,no,True,1,
0,3,female,9.0,3,2,,Q,Third,child,False,,Southampton,no,False,3,
1,2,female,28.0,0,0,,C,Second,woman,False,,Southampton,yes,True,2,
0,3,male,32.0,0,0,,s,Third,man,True,,Southampton,no,True,3,
0,2,male,31.0,1,1,25.50078438291108,S,Second,man,True,,Southampton,no,False,2,790.5243158702434
0,3,female,41.0,0,5,,C,Third,woman,False,,Southampton,no,False,3,
0,3,male,,1,0,,C,Third,man,True,,Southampton,no,False,3,
0,3,male,20.0,0,0,,s,Third,man,True,,Southampton,no,True,3,
1,1,female,288.0,0,0,,s,First,woman,False,B,Cherbourg,yes,True,1,
0,3,female,2.0,3,2,,s,Third,child,False,,Southampton,no,False,3,
1,3,male,,0,0,,S,Third,man,True,,Southampton,yes,True,3,
1,3,female,0.75,2,1,,s,Third,child,False,,Cherbourg,yes,False,3,
1,1,male,48.0,1,0,76.78250742059876,,First,man,True,D,Cherbourg,yes,False,1,3685.560356188741
0,3,male,19.0,0,0,,S,Third,man,True,,Southampton,no,True,3,
1,1,MALE,56.0,0,0,35.40288179892486,S,First,man,True,A,Cherbourg,yes,True,1,1982.561380739792
0,3,male,,0,0,,Q,Third,man,True,,Southampton,no,True,3,
1,3,female,23.0,0,0,,S,Third,woman,False,,Southampton,yes,True,3,
0,3,male,,0,0,,S,Third,man,True,,Southampton,no,True,3,
1,2,female,18.0,0,1,22.357805347465728,s,Second,woman,False,,Southampton,yes,False,2,402.4404962543831
0,3,male,21.0,0,0,,C,Third,man,True,,Southampton,no,True,3,
1,3,female,,0,0,,S,Third,woman,False,,Queenstown,yes,True,3,
0,3,female,18.0,0,0,,Q,Third,woman,False,,Queenstown,no,True,3,
0,2,male,24.0,2,0,72.97859890818125,S,Second,man,True,,Southampton,no,False,2,1751.48637379635
0,3,male,,0,0,,,Third,man,True,,Southampton,no,True,3,
0,3,female,384.0,1,1,,S,Third,woman,False,,Queenstown,no,False,3,
0,2,male,276.0,0,0,12.858198375003912,S,Second,man,True,,Southampton,no,True,2,3548.86275150108
0,1,male,,0,2,,S,First,man,True,D,Cherbourg,no,False,1,
1,1,male,50.0,2,0,133.92672297258832,S,First,man,True,,Southampton,yes,False,1,6696.336148629416
0,3,male,40.0,0,0,,s,Third,man,True,,Cherbourg,no,True,3,
0,1,male,47.0,0,0,24.403139827687976,S,First,man,True,E,Southampton,no,True,1,1146.9475719013349
0,3,MALE,36.0,0,0,,C,Third,man,True,,Southampton,no,True,3,
1,3,male,240.0,1,0,,S,Third,man,True,,Southampton,yes,False,3,
0,2,male,384.0,2,0,74.06608598274421,s,Second,man,True,,Southampton,no,False,2,28441.37701737378
0,2,male,25.0,0,0,,S,Second,man,True,,Southampton,no,True,2,
0,3,male,,0,0,,Q,Third,man,True,,Southampton,no,True,3,
0,3,male,43.0,0,0,,S,Third,man,True,,Southampton,no,True,3,
1,1,female,,1,0,52.18676205484824,S,First,woman,False,C,Southampton,yes,False,1,
1,2,female,480.0,1,1,37.06783283747395,S,Second,woman,False,,Southampton,yes,False,2,17792.559761987497
0,1,male,31.0,1,0,,Q,First,man,True,B,Southampton,no,False,1,
0,2,male,70.0,0,0,8.807318384489063,,Second,man,True,,Southampton,no,True,2,616.5122869142344
1,2,MALE,372.0,0,0,11.655955371528156,S,Second,man,True,,Southampton,yes,True,2,4336.015398208474
0,2,male,,0,0,-0.5458425859710776,S,Second,man,True,,Southampton,no,True,2,
0,3,male,18.0,0,0,,Q,Third,man,True,,Southampton,no,True,3,
0,3,male,294.0,0,0,,S,Third,man,True,,Southampton,no,True,3,
1,3,FEMALE,18.0,0,0,,S,Third,woman,False,,Southampton,yes,True,3,
0,3,female,43.0,1,6,,C,Third,woman,False,,Southampton,no,False,3,
1,1,male,36.0,0,1,512.8109837078613,S,First,man,True,B,Cherbourg,yes,False,1,18461.195413483005
0,3,FEMALE,,0,0,,S,Third,woman,False,,Queenstown,no,True,3,
1,1,MALE,324.0,0,0,75.89582644120458,S,First,man,True,D,Cherbourg,yes,True,1,24590.247766950284
0,3,MALE,20.0,0,0,,s,Third,man,True,,Southampton,no,True,3,
0,3,male,168.0,5,2,,S,Third,child,False,,Southampton,no,False,3,
0,2,male,60.0,1,1,39.67294320449504,S,Second,man,True,,Southampton,no,False,2,2380.3765922697025
0,2,male,25.0,1,2,40.3933394528698,C,Second,man,True,,Cherbourg,no,False,2,1009.8334863217448
0,3,MALE,14.0,4,1,,C,Third,child,False,,Southampton,no,False,3,
0,3,male,19.0,0,0,,s,Third,man,True,,Southampton,no,True,3,
0,3,male,18.0,0,0,,S,Third,man,True,,Southampton,no,True,3,
1,1,female,15.0,0,1,211.3587804371041,S,First,child,False,B,Southampton,yes,False,1,3170.381706556561
1,1,male,31.0,1,0,57.65736496338957,S,First,man,True,B,Southampton,yes,False,1,1787.3783138650765
1,3,female,4.0,0,1,,,Third,child,False,,Cherbourg,yes,False,3,
1,3,male,,0,0,,S,Third,man,True,,Southampton,yes,True,3,
0,3,male,25.0,0,0,,S,Third,man,True,,Cherbourg,no,True,3,
0,1,male,60.0,0,0,28.62563754216584,S,First,man,True,,Southampton,no,True,1,1717.5382525299503
0,2,male,52.0,0,0,,S,Second,man,True,,Southampton,no,True,2,
0,3,male,44.0,0,0,,S,Third,man,True,,Southampton,no,True,3,
1,3,female,,0,0,,S,Third,woman,False,,Queenstown,yes,True,3,
0,1,male,49.0,1,1,111.2621105294966,Q,First,man,True,C,Cherbourg,no,False,1,5451.843415945334
0,3,male,42.0,0,0,,S,Third,man,True,F,Southampton,no,True,3,
1,1,female,216.0,1,0,226.7591399099137,S,First,woman,False,C,Cherbourg,yes,False,1,48979.97422054136
1,1,male,35.0,0,0,26.363259343198383,S,First,man,True,E,Southampton,yes,True,1,922.7140770119432
0,3,female,18.0,0,1,,,Third,woman,False,,Cherbourg,no,False,3,
0,3,male,25.0,0,0,,Q,Third,man,True,,Queenstown,no,True,3,
0,3,male,26.0,1,0,,S,Third,man,True,,Southampton,no,False,3,
0,2,male,39.0,0,0,25.625819724009816,S,Second,man,True,,Southampton,no,True,2,999.4069692363828
1,2,female,45.0,0,0,13.265665088957936,S,Second,woman,False,,Southampton,yes,True,2,596.9549290031072
1,1,MALE,42.0,0,0,26.372784233493352,s,First,man,True,E,Southampton,yes,True,1,1107.6569378067209
1,1,female,264.0,0,0,152.75595601790457,S,First,woman,False,,Southampton,yes,True,1,40327.5723887268
1,3,MALE,,1,1,,c,Third,man,True,,Cherbourg,yes,False,3,
1,1,female,24.0,0,0,50.1858906899038,S,First,woman,False,C,Cherbourg,yes,True,1,1204.4613765576912
0,1,male,,0,0,26.111254079951703,s,First,man,True,C,Southampton,no,True,1,
1,1,male,48.0,1,0,52.55422470394604,s,First,man,True,C,Southampton,yes,False,1,2522.60278578941
0,3,male,29.0,0,0,,S,Third,man,True,,Southampton,no,True,3,
0,2,male,150.0,0,0,5124.006318935874,S,Second,man,True,,Southampton,no,True,2,768600.9478403812
0,3,male,19.0,0,0,,,Third,man,True,F,Southampton,no,True,3,
1,1,female,456.0,0,0,227.5783074205988,,First,woman,False,C,Cherbourg,yes,True,1,103775.70818379305
1,2,FEMALE,27.0,0,0,11.308924722279013,S,Second,woman,False,E,Southampton,yes,True,2,305.34096750153327
0,3,MALE,,0,0,,S,Third,man,True,,Queenstown,no,True,3,
0,3,MALE,33.0,0,0,,S,Third,man,True,,Southampton,no,True,3,
1,2,female,6.0,0,1,31.550580270822586,s,Second,child,False,,Southampton,yes,False,2,189.3034816249355
0,3,male,17.0,1,0,,s,Third,man,True,,Southampton,no,False,3,
0,2,MALE,408.0,0,0,11.7836741672049,Q,Second,man,True,,Southampton,no,True,2,4807.739060219599
0,2,male,,0,0,,S,Second,man,True,,Southampton,no,True,2,
1,1,male,27.0,1,0,54.24269991623518,s,First,man,True,E,Southampton,yes,False,1,1464.55289773835
0,3,male,20.0,0,0,,Q,Third,man,True,,Southampton,no,True,3,
1,2,female,30.0,3,0,21.579418982898968,s,Second,woman,False,,Southampton,yes,False,2,647.382569486969
1,3,FEMALE,,0,0,,q,Third,woman,False,,Queenstown,yes,True,3,
0,2,male,25.0,1,0,26.40191895517392,s,Second,man,True,,Southampton,no,False,2,660.0479738793481
0,3,female,25.0,1,0,,S,Third,woman,False,,Southampton,no,False,3,
1,1,female,150.0,0,0,,C,First,woman,False,B,Southampton,yes,True,1,
0,3,male,11.0,0,0,,S,Third,child,False,,Cherbourg,no,True,3,
0,2,male,,0,0,0.3406541364121413,s,Second,man,True,,Southampton,no,True,2,
0,2,MALE,23.0,0,0,12.45374096187396,c,Second,man,True,,Southampton,no,True,2,286.43604212310106
0,2,male,276.0,0,0,14.939192569099466,S,Second,man,True,,Southampton,no,True,2,4123.217149071453
0,3,male,150.0,0,0,,C,Third,man,True,,Southampton,no,True,3,
0,3,female,48.0,1,3,,S,Third,woman,False,,Southampton,no,False,3,
1,1,MALE,35.0,0,0,511.3482128016711,s,First,man,True,B,Cherbourg,yes,True,1,17897.18744805849
0,3,male,150.0,0,0,,C,Third,man,True,,Southampton,no,True,3,
0,3,MALE,150.0,0,0,,,Third,man,True,,Southampton,no,True,3,
1,1,male,,0,0,,S,First,man,True,D,Southampton,yes,True,1,
0,1,male,36.0,1,0,77.66563982768797,C,First,man,True,C,Southampton,no,False,1,2795.963033796767
1,1,female,21.0,2,2,,s,First,woman,False,B,Cherbourg,yes,False,1,
0,3,male,24.0,1,0,,S,Third,man,True,,Southampton,no,False,3,
1,3,male,31.0,0,0,,C,Third,man,True,,Southampton,yes,True,3,
0,1,male,70.0,1,1,72.64115953909157,C,First,man,True,B,Southampton,no,False,1,5084.88116773641
0,3,male,192.0,1,1,,C,Third,man,True,,Southampton,no,False,3,
1,2,FEMALE,30.0,0,0,,,Second,woman,False,,Southampton,yes,True,2,
0,1,male,19.0,1,0,54.69101930577512,c,First,man,True,D,Southampton,no,False,1,1039.1293668097271
0,3,male,31.0,0,0,,S,Third,man,True,,Queenstown,no,True,3,
1,2,FEMALE,4.0,1,1,23.03107596687501,S,Second,child,False,,Southampton,yes,False,2,92.12430386750006
1,3,male,6.0,0,1,,c,Third,child,False,E,Southampton,yes,False,3,
0,3,male,33.0,0,0,,S,Third,man,True,,Southampton,no,True,3,
0,3,MALE,23.0,0,0,,q,Third,man,True,,Southampton,no,True,3,
1,2,female,48.0,1,2,66.14146431797225,s,Second,woman,False,,Southampton,yes,False,2,3174.790287262668
1,2,male,0.67,1,1,14.943501720584525,s,Second,child,False,,Southampton,yes,False,2,10.012146152791631
0,3,male,336.0,0,0,,S,Third,man,True,,Southampton,no,True,3,
0,2,male,18.0,0,0,13.12219310154943,S,Second,man,True,,Southampton,no,True,2,236.19947582788973
0,3,male,34.0,0,0,,,Third,man,True,,Southampton,no,True,3,
1,1,female,33.0,0,0,87.94328955363194,S,First,woman,False,B,Southampton,yes,True,1,2902.128555269854
0,3,MALE,,0,0,,Q,Third,man,True,,Southampton,no,True,3,
0,3,male,41.0,0,0,,S,Third,man,True,,Southampton,no,True,3,
1,3,male,20.0,0,0,,,Third,man,True,,Cherbourg,yes,True,3,
1,1,female,36.0,1,2,120.0180416486341,S,First,woman,False,B,Southampton,yes,False,1,4320.649499350828
0,3,male,16.0,0,0,,S,Third,man,True,,Southampton,no,True,3,
1,1,female,51.0,1,0,77.05009381771143,q,First,woman,False,D,Southampton,yes,False,1,3929.5547847032826
0,1,male,,0,0,,S,First,man,True,,Cherbourg,no,True,1,
0,3,female,366.0,0,0,,S,Third,woman,False,,Queenstown,no,True,3,
0,3,male,,1,0,,S,Third,man,True,,Queenstown,no,False,3,
0,3,MALE,32.0,0,0,,S,Third,man,True,,Southampton,no,True,3,
0,3,male,24.0,0,0,,S,Third,man,True,,Southampton,no,True,3,
0,3,MALE,48.0,0,0,,,Third,man,True,,Southampton,no,True,3,
0,2,female,57.0,0,0,11.712608237420456,S,Second,woman,False,E,Southampton,no,True,2,667.618669532966
0,3,MALE,,0,0,,C,Third,man,True,,Cherbourg,no,True,3,
1,2,female,648.0,1,3,22.55375732578025,S,Second,woman,False,,Southampton,yes,False,2,14614.834747105602
0,3,male,18.0,0,0,,Q,Third,man,True,,Southampton,no,True,3,
0,3,male,,0,0,,,Third,man,True,F,Queenstown,no,True,3,
1,3,female,60.0,0,0,,c,Third,child,False,,Southampton,yes,True,3,
0,3,male,,0,0,,S,Third,man,True,,Queenstown,no,True,3,
1,1,female,516.0,0,1,212.8726487200076,S,First,woman,False,B,Southampton,yes,False,1,109842.2867395239
1,3,female,13.0,0,0,,C,Third,child,False,,Cherbourg,yes,True,3,
1,1,female,17.0,1,0,57.244819373894536,,First,woman,False,B,Southampton,yes,False,1,973.1619293562072
0,1,male,29.0,0,0,28.4386476642227,S,First,man,True,D,Southampton,no,True,1,824.7207822624583
0,3,male,,1,2,,s,Third,man,True,,Southampton,no,False,3,
0,3,male,300.0,0,0,,C,Third,man,True,,Southampton,no,True,3,
0,3,male,25.0,0,0,,Q,Third,man,True,,Southampton,no,True,3,
1,3,female,,0,0,,C,Third,woman,False,,Southampton,yes,True,3,
0,3,MALE,96.0,4,1,,S,Third,child,False,,Queenstown,no,False,3,
1,3,male,12.0,1,2,,S,Third,child,False,,Southampton,yes,False,3,
0,1,male,552.0,0,0,79.62321237445703,S,First,man,True,B,Cherbourg,no,True,1,43952.01323070028
0,3,male,,0,0,,S,Third,man,True,,Queenstown,no,True,3,
0,2,MALE,,0,0,,S,Second,man,True,,Southampton,no,True,2,
0,3,female,150.0,8,2,,q,Third,woman,False,,Southampton,no,False,3,
0,1,male,,0,0,31.783539843233747,Q,First,man,True,,Cherbourg,no,True,1,
0,3,male,25.0,0,0,,s,Third,man,True,,Southampton,no,True,3,
0,2,male,39.0,0,0,12.512006683792777,S,Second,man,True,,Southampton,no,True,2,487.96826066791823
1,1,female,49.0,0,0,,s,First,woman,False,D,Southampton,yes,True,1,
1,3,FEMALE,31.0,0,0,,S,Third,woman,False,,Southampton,yes,True,3,
0,3,MALE,30.0,0,0,,C,Third,man,True,,Cherbourg,no,True,3,
0,3,female,30.0,1,1,,S,Third,woman,False,,Southampton,no,False,3,
0,2,male,34.0,0,0,,S,Second,man,True,,Southampton,no,True,2,
1,2,FEMALE,31.0,1,1,26.58148526202176,s,Second,woman,False,,Southampton,yes,False,2,824.0260431226745
1,1,male,11.0,1,2,,S,First,child,False,B,Southampton,yes,False,1,
1,3,male,0.42,0,1,,q,Third,child,False,,Cherbourg,yes,False,3,
1,3,male,27.0,0,0,,S,Third,man,True,,Southampton,yes,True,3,
0,3,male,150.0,0,0,,S,Third,man,True,,Southampton,no,True,3,
0,1,male,468.0,0,0,-0.7242465320583404,s,First,man,True,A,Southampton,no,True,1,-338.9473770033033
0,3,female,18.0,0,0,,q,Third,woman,False,,Southampton,no,True,3,
0,2,MALE,39.0,0,0,11.235404090722954,S,Second,man,True,,Southampton,no,True,2,438.1807595381952
1,1,FEMALE,33.0,1,0,53.58741392690485,S,First,woman,False,E,Southampton,yes,False,1,1768.38465958786
0,3,male,312.0,0,0,,S,Third,man,True,,Southampton,no,True,3,
0,3,male,39.0,0,0,,s,Third,man,True,,Southampton,no,True,3,
0,2,MALE,35.0,0,0,,S,Second,man,True,,Southampton,no,True,2,
0,3,FEMALE,72.0,4,2,,C,Third,child,False,,Southampton,no,False,3,
0,3,male,30.5,0,0,,,Third,man,True,,Southampton,no,True,3,
0,1,MALE,,0,0,,s,First,man,True,B,Southampton,no,True,1,
0,3,FEMALE,23.0,0,0,,c,Third,woman,False,,Southampton,no,True,3,
0,2,male,31.0,1,1,36.31144514230196,S,Second,man,True,,Cherbourg,no,False,2,1125.6547994113607
0,3,male,150.0,0,0,,S,Third,man,True,,Southampton,no,True,3,
0,3,male,10.0,3,2,,Q,Third,child,False,,Southampton,no,False,3,
1,1,female,624.0,1,1,93.57714478588312,S,First,woman,False,B,Southampton,yes,False,1,58392.13834639107
1,3,male,324.0,0,0,,C,Third,man,True,,Southampton,yes,True,3,
0,1,MALE,,0,0,,c,First,man,True,,Southampton,no,True,1,
1,3,female,27.0,0,1,,S,Third,woman,False,E,Southampton,yes,False,3,
0,3,male,2.0,4,1,,S,Third,child,False,,Southampton,no,False,3,
0,3,male,,0,0,,s,Third,man,True,,Queenstown,no,True,3,
0,3,male,,0,0,,c,Third,man,True,,Southampton,no,True,3,
1,2,MALE,1.0,0,2,35.7878741672049,c,Second,child,False,,Cherbourg,yes,False,2,35.7878741672049
1,3,male,,0,0,,S,Third,man,True,,Queenstown,yes,True,3,
1,1,female,62.0,0,0,79.29343942116652,S,First,woman,False,B,,yes,True,1,4916.1932441123245
1,3,female,15.0,1,0,,S,Third,child,False,,Cherbourg,yes,False,3,
1,2,male,0.83,1,1,16.98540409072295,S,Second,child,False,,Southampton,yes,False,2,14.097885395300048
0,3,male,,0,0,,C,Third,man,True,,Cherbourg,no,True,3,
0,3,male,23.0,0,0,,Q,Third,man,True,,Southampton,no,True,3,
0,3,male,18.0,0,0,,S,Third,man,True,,Southampton,no,True,3,
1,1,female,,1,1,,S,First,woman,False,E,Cherbourg,yes,False,1,
0,3,male,1800.0,0,0,,S,Third,man,True,,Southampton,no,True,3,
0,3,male,,0,0,,S,Third,man,True,,Southampton,no,True,3,
1,3,MALE,32.0,0,0,,,Third,man,True,,Southampton,yes,True,3,
1,1,male,,0,0,,C,First,man,True,C,Cherbourg,yes,True,1,
0,3,male,20.0,0,0,,S,Third,man,True,,Southampton,no,True,3,
0,2,male,16.0,0,0,9.935018088967924,S,Second,man,True,,Southampton,no,True,2,158.96028942348678
1,1,female,,0,0,,S,First,woman,False,,Cherbourg,yes,True,1,
0,3,male,34.5,0,0,,C,Third,man,True,,Cherbourg,no,True,3,
0,3,male,17.0,0,0,,c,Third,man,True,,Southampton,no,True,3,
0,3,MALE,,0,0,,s,Third,man,True,,Southampton,no,True,3,
0,3,male,,8,2,,s,Third,man,True,,Southampton,no,False,3,
0,3,male,35.0,0,0,,S,Third,man,True,,Cherbourg,no,True,3,
0,2,male,28.0,0,1,33.47967973950996,S,Second,man,True,,Southampton,no,False,2,937.431032706279
1,1,FEMALE,,1,0,88.55835741402893,C,First,woman,False,C,Cherbourg,yes,False,1,
0,3,male,48.0,4,2,,S,Third,child,False,,Southampton,no,False,3,
0,3,male,74.0,0,0,,s,Third,man,True,,Southampton,no,True,3,
0,3,female,9.0,1,1,,s,Third,child,False,,Cherbourg,no,False,3,
1,1,female,16.0,0,1,39.78196645752409,C,First,woman,False,D,Southampton,yes,False,1,636.5114633203855
0,2,female,44.0,1,0,24.52576272110459,,Second,woman,False,,Southampton,no,False,2,1079.133559728602
1,3,FEMALE,18.0,0,1,,S,Third,woman,False,,Southampton,yes,False,3,
1,1,female,540.0,1,1,163.17401838448907,S,First,woman,False,,Southampton,yes,False,1,88113.9699276241
1,1,male,612.0,0,0,,S,First,man,True,E,Southampton,yes,True,1,
1,3,female,288.0,0,3,,C,Third,woman,False,,Cherbourg,yes,False,3,
0,3,male,,0,0,,S,Third,man,True,,Cherbourg,no,True,3,
0,3,male,41.0,2,0,,S,Third,man,True,,Southampton,no,False,3,
0,2,male,21.0,1,0,10.885049561851664,Q,Second,man,True,,Southampton,no,False,2,228.5860407988849
1,1,female,48.0,0,0,26.644362400760688,C,First,woman,False,D,Southampton,yes,True,1,1278.929395236513
0,3,female,,8,2,,C,Third,woman,False,,Southampton,no,False,3,
0,2,male,24.0,0,0,13.433749220886346,S,Second,man,True,,Southampton,no,True,2,322.4099813012723
1,2,female,504.0,0,0,11.436910501839586,S,Second,woman,False,,Southampton,yes,True,2,5764.202892927151
1,2,female,27.0,1,0,13.43385129685752,S,Second,woman,False,,Cherbourg,yes,False,2,362.713985015153
0,1,male,31.0,0,0,,S,First,man,True,A,Southampton,no,True,1,
0,3,male,,0,0,,Q,Third,man,True,,Southampton,no,True,3,
1,3,male,4.0,1,1,,S,Third,child,False,,Southampton,yes,False,3,
0,3,MALE,150.0,0,0,,S,Third,man,True,,Southampton,no,True,3,
1,1,FEMALE,47.0,1,1,51.06505358210087,S,First,woman,False,D,Southampton,yes,False,1,2400.057518358741
0,1,male,33.0,0,0,5.263546740578168,S,First,man,True,B,Southampton,no,True,1,173.69704243907955
0,3,male,47.0,0,0,,q,Third,man,True,,Southampton,no,True,3,
1,2,female,336.0,1,0,24.715162400760686,Q,Second,woman,False,,Cherbourg,yes,False,2,8304.29456665559
1,3,female,180.0,0,0,,S,Third,child,False,,Cherbourg,yes,True,3,
0,3,male,20.0,0,0,,,Third,man,True,,Southampton,no,True,3,
0,3,male,19.0,0,0,,,Third,man,True,,Southampton,no,True,3,
0,3,male,,0,0,,s,Third,man,True,,Southampton,no,True,3,
1,1,female,672.0,0,1,85.06159268772716,S,First,woman,False,C,Cherbourg,yes,False,1,57161.39028615265
1,2,female,25.0,0,1,26.51086298914832,S,Second,woman,False,,Southampton,yes,False,2,662.771574728708
0,3,male,33.0,0,0,,,Third,man,True,,Southampton,no,True,3,
0,3,female,22.0,0,0,,C,Third,woman,False,,Southampton,no,True,3,
0,2,male,336.0,0,0,,S,Second,man,True,,Southampton,no,True,2,
0,3,male,300.0,0,0,,C,Third,man,True,,Southampton,no,True,3,
0,3,female,39.0,0,5,,S,Third,woman,False,,Queenstown,no,False,3,
0,2,male,,0,0,,S,Second,man,True,,Southampton,no,True,2,
1,1,female,19.0,0,0,27.83569013215216,S,First,woman,False,B,Southampton,yes,True,1,528.878112510891
0,3,female,,1,2,,S,Third,woman,False,,Southampton,no,False,3,
1,1,male,26.0,0,0,28.72959125602057,s,First,man,True,C,Cherbourg,yes,True,1,746.9693726565348
0,3,male,384.0,0,0,,S,Third,man,True,,Queenstown,no,True,3,
0,3,MALE,150.0,0,0,,S,Third,man,True,,Southampton,no,True,3,
1,1,female,150.0,1,2,5122.296596396976,s,First,child,False,B,Southampton,yes,False,1,768344.4894595463
1,3,female,150.0,1,0,,S,Third,child,False,,Cherbourg,yes,False,3,
0,2,male,1800.0,0,0,5123.753666294711,S,Second,man,True,,Southampton,no,True,2,9222756.59933048
1,1,female,1800.0,0,2,5122.500290649433,s,First,woman,False,E,Southampton,yes,False,1,9220500.52316898
0,3,male,1800.0,0,0,,S,Third,man,True,,Southampton,no,True,3,
0,2,male,1800.0,0,0,5123.94149736486,S,Second,man,True,,Southampton,no,True,2,9223094.695256747
0,3,male,150.0,0,0,,C,Third,man,True,,Southampton,no,True,3,
1,1,female,150.0,1,1,5122.957863551541,q,First,woman,False,C,Cherbourg,yes,False,1,768443.6795327312
1,1,FEMALE,150.0,0,0,5123.411556924599,S,First,woman,False,,Cherbourg,yes,True,1,768511.7335386898
0,3,female,150.0,8,2,,S,Third,woman,False,,Southampton,no,False,3,
1,3,female,150.0,0,0,,S,Third,woman,False,,Southampton,yes,True,3,
1,1,male,150.0,0,0,5123.23015991604,S,First,man,True,B,Cherbourg,yes,True,1,768484.523987406
0,2,male,150.0,0,0,5122.926664046988,S,Second,man,True,,Southampton,no,True,2,768438.9996070481
0,2,male,150.0,0,0,,S,Second,man,True,,Southampton,no,True,2,
0,3,MALE,150.0,0,0,,S,Third,man,True,,Southampton,no,True,3,
0,1,male,150.0,1,0,5122.933296226952,S,First,man,True,C,Cherbourg,no,False,1,768439.9944340427
0,3,MALE,1800.0,0,0,,S,Third,man,True,,Cherbourg,no,True,3,
0,3,male,150.0,0,0,,S,Third,man,True,,Southampton,no,True,3,
0,3,MALE,1800.0,0,0,,S,Third,man,True,,Southampton,no,True,3,
0,2,male,150.0,0,0,5122.5769781319705,s,Second,man,True,,Southampton,no,True,2,768386.5467197956
1,3,MALE,150.0,0,2,,S,Third,child,False,,Southampton,yes,False,3,
0,3,male,150.0,0,0,,C,Third,man,True,,Queenstown,no,True,3,
0,1,male,150.0,0,0,5123.269422058906,s,First,man,True,,Cherbourg,no,True,1,768490.4133088358
0,3,male,150.0,0,0,,C,Third,man,True,,Southampton,no,True,3,
0,1,male,150.0,0,0,5122.4718231209545,S,First,man,True,,Cherbourg,no,True,1,768370.7734681432
0,2,male,150.0,0,0,5122.612559077069,S,Second,man,True,D,Cherbourg,no,True,2,768391.8838615604
1,2,female,150.0,0,0,5124.151313791123,S,Second,woman,False,E,Queenstown,yes,True,2,768622.6970686686
0,1,male,150.0,0,0,5122.655329904995,C,First,man,True,,Southampton,no,True,1,768398.2994857492
0,3,MALE,150.0,1,0,,S,Third,man,True,,Cherbourg,no,False,3,
1,1,male,150.0,0,0,5123.021840007617,Q,First,man,True,A,Southampton,yes,True,1,768453.2760011426
1,3,female,150.0,0,0,,S,Third,woman,False,,Queenstown,yes,True,3,
0,3,male,1800.0,1,3,,C,Third,man,True,,Southampton,no,False,3,
0,1,male,150.0,0,0,5123.070311420001,S,First,man,True,A,Cherbourg,no,True,1,768460.5467130002
0,3,male,150.0,1,4,,S,Third,man,True,,Southampton,no,False,3,
1,1,female,1800.0,0,2,5121.873940078031,S,First,woman,False,D,Southampton,yes,False,1,9219373.092140457
1,3,female,150.0,2,1,,S,Third,child,False,,Cherbourg,yes,False,3,
0,3,male,150.0,0,0,,c,Third,man,True,,Southampton,no,True,3,
0,3,male,150.0,0,0,,S,Third,man,True,,Cherbourg,no,True,3,
0,2,MALE,150.0,2,0,5121.895065908532,S,Second,man,True,,Southampton,no,False,2,768284.2598862798
0,2,MALE,150.0,0,0,5123.321102708325,S,Second,man,True,,Southampton,no,True,2,768498.1654062488
1,1,female,1800.0,0,0,5124.756454312268,S,First,woman,False,B,Southampton,yes,True,1,9224561.617762083
0,3,male,150.0,0,0,,S,Third,man,True,,Southampton,no,True,3,
0,3,MALE,150.0,0,0,,S,Third,man,True,,Southampton,no,True,3,
